large-1.in: 253.53299999999996
large-10.in: 3928.9920000000006
large-100.in: 23.600000000000005
