small-1.in: 94.22500000000001
small-10.in: 269.9169999999999
small-100.in: 9.0
small-101.in: 34.98000000000001
small-102.in: 54.0
small-103.in: 42.0
small-104.in: 38.826
small-105.in: 45.0
small-106.in: 37.0
small-107.in: 10.05
small-108.in: 206.52199999999996
small-109.in: 132.0
small-11.in: 619.5649999999999
small-110.in: 77.0
small-111.in: 315.63700000000006
small-112.in: 128.9
small-113.in: 65.723
small-114.in: 439.0
small-115.in: 205.0
small-116.in: 326.38
small-117.in: 403.0
small-118.in: 825.105
small-119.in: 40.475
small-12.in: 818.0
small-120.in: 19.0
small-121.in: 672.511
small-122.in: 427.11199999999997
small-123.in: 340.0
small-124.in: 202.038
small-125.in: 110.36
small-126.in: 220.226
small-127.in: 253.20999999999998
small-128.in: 68.0
small-129.in: 13.0
small-13.in: 52.0
small-130.in: 148.0
small-131.in: 17.0
small-132.in: 408.193
small-133.in: 0.0
small-134.in: 80.0
small-135.in: 514.034
small-136.in: 183.352
small-137.in: 65.88
small-138.in: 231.0
small-139.in: 1636.8000000000006
small-14.in: 82.07100000000001
small-140.in: 113.175
small-141.in: 123.0
small-142.in: 996.0
small-143.in: 121.0
small-144.in: 28.0
small-145.in: 517.647
small-146.in: 73.883
small-147.in: 74.79
small-148.in: 224.0
small-149.in: 2.323
small-15.in: 64.0
small-150.in: 137.40000000000003
small-151.in: 1006.0
